4998 243 -121
4799 566 -269
4500 1169 -278
4303 1708 -99
4000 2375 -255
3695 2602 -273
3363 3157 -328
2856 3608 -107
2688 3724 129
2385 3896 192
1924 4300 37
1481 4426 117
868 4596 178
216 4664 130
-148 4579 25
-739 4541 386
-1064 4427 421
-1310 4196 142
-2331 4208 623
-2653 4001 367
-3468 3776 107
-4123 3754 -108
-4518 3234 -201
-4912 3366 -223
-5318 3071 -326
-5518 2632 -208
-5883 2122 -20
-5976 1650 -435
-5904 1001 -787
-5927 863 -997
-6509 374 -1121
-6639 -215 -1033
-6674 -485 -764
-6595 -851 -618
-6057 -1579 -766
-5881 -2105 -587
-5727 -2639 -946
-5512 -3333 -1250
-5177 -3463 -1125
-4981 -3920 -615
-4520 -4446 -558
-4283 -4645 -452
-3571 -4811 -409
-3087 -5131 -145
-2833 -5342 -404
-2428 -5515 -428
-1719 -5621 -544
-1250 -5498 -524
-818 -5429 -549
-18 -5564 -819
638 -5558 -601
935 -5260 -462
1749 -5324 -721
2006 -5130 -702
2387 -4876 -587
3022 -4358 -620
3513 -3884 -430
3659 -3666 -138
3950 -2998 -160
3794 -2495 -53
4061 -1969 27
4460 -1785 -12
4731 -1592 -377
4970 -1042 -608
4704 -454 -471
4572 6 -185
4472 306 26
4206 330 191
3994 774 9
3923 1312 136
3444 1710 159
3015 2129 -34
2712 2553 0
2064 2752 20
1428 3034 -105
782 3235 -86
148 3552 -96
-507 3406 106
-1013 3366 233
-1362 3264 487
-1964 2929 482
-2541 2842 546
-3379 2726 718
-3737 2358 1118
-4107 2199 1277
-4202 2041 928
-4431 1291 1039
-4431 1087 1295
-4830 593 1232
-4962 204 1423
-5357 -536 955
-5359 -1406 1471
-5649 -1856 1405
-6034 -2384 1470
-6311 -3398 1380
-6546 -4286 1696
-6534 -4765 1612
-6112 -5276 1976
-6073 -5645 1918
-5851 -6208 1708
-5429 -6410 1707
-5499 -6535 2005
-5306 -7074 1863
-5182 -7306 1422
-4900 -7580 1479
-4241 -7936 1305
-3621 -8358 1629
-2991 -8446 1311
-2307 -8695 1465
-1782 -8986 1407
-1584 -9023 1722
-1000 -9157 2012
-458 -9228 2206
203 -9303 2352
843 -9050 2517
1229 -8805 2628
1601 -8293 2162
2078 -7841 2436
2975 -7653 2810
3624 -7393 3080
3695 -6913 3169
4070 -6297 3155
3973 -5632 3316
3856 -5426 3495
3771 -5028 3451
4048 -4092 3193
3990 -3611 3166
3947 -3215 3192
4163 -3039 2786
3996 -2277 3062
3634 -1968 2703
3218 -1226 2583
2763 -644 2498
2707 -114 2683
2751 294 2785
2233 642 2587
1496 1325 2517
1040 1740 2869
313 1740 3212
215 1700 3120
-531 1937 3048
-1144 1633 2924
-1489 1818 3062
-2366 1643 3434
-3060 1295 3543
-3416 620 3884
-3954 451 3732
-4565 504 3822
-5136 23 3670
-5763 -346 3879
-6143 -941 3977
-6272 -1665 3768
-6193 -1846 4004
-6321 -2447 4307
-6171 -2753 4494
-6416 -3189 4918
-6064 -4049 4791
-6271 -4804 4903
-6110 -4890 4706
-5956 -5320 4640
-5786 -5853 4695
-5627 -6249 4861
-5467 -6418 4990
-4868 -6992 5042
-4663 -7180 5362
-4498 -7662 5237
-4353 -8279 5427
-3963 -9027 5559
-3478 -9378 6044
-2901 -9505 6016
-2298 -9851 6177
-1746 -9674 6388
-1257 -9645 6633
-469 -9685 6610
371 -9155 6973
994 -9151 6868
1527 -8776 6797
1788 -8582 6503
2089 -7859 6469
2294 -7591 6363
2737 -7199 6562
2869 -6700 6473
3239 -6413 6648
3593 -5935 6389
3777 -5597 6324
3843 -5098 6134
3967 -4173 6289
3807 -3429 6004
3485 -2657 6173
3458 -2314 5853
3198 -1903 5808
3121 -1242 6083
2866 -1080 6353
2387 -622 6650
2157 -135 6588
1457 326 6373
1265 424 6303
832 861 6030
193 1355 5968
-276 1743 6160
