5520 514 275
5061 1329 -1371
4663 213 221
5092 1988 598
4418 1737 503
5459 2488 1130
3727 2866 179
3434 3142 -402
2770 3287 504
2454 3196 -59
2408 3847 166
1639 5286 658
1829 4950 -221
1598 4812 676
652 5294 718
891 4906 405
368 4815 1199
-1041 5013 1596
-1909 4829 634
-1605 5611 139
-2038 4472 -155
-2797 4159 873
-3814 4491 1045
-2894 3407 1061
-3363 2954 1359
-4718 3420 1127
-3216 2939 2072
-4138 3256 936
-5192 2411 726
-4861 1203 368
-4815 1324 1956
-5360 83 1710
-5902 247 1373
-4809 -1124 1265
-4803 -1284 2192
-4081 -2004 1133
-3787 -2586 1110
-4179 -2374 1786
-4481 -2008 1819
-3934 -3305 1720
-3074 -4345 2387
-2808 -3985 2575
-2865 -5189 2320
-1363 -5843 2657
-1594 -4798 2008
-1249 -5341 2647
-221 -4785 1735
662 -4980 2873
-676 -4557 2293
206 -5615 1747
2054 -4280 1824
1946 -4499 2637
2886 -4767 3438
3174 -3247 2878
3955 -3715 3544
3315 -3853 2251
3042 -3263 2058
4454 -2173 2153
3988 -2415 3548
4261 -1198 3082
4639 -708 3428
5313 -627 2463
4788 162 2390
5609 992 3445
4368 351 2185
4739 247 2781
4627 808 3283
4783 2046 3067
5201 3178 3578
3212 3516 3829
4036 4132 2695
2436 4365 3915
3046 4180 3585
2718 5063 3897
2299 5199 3643
1379 4297 3846
997 3150 3150
1420 5090 4091
-195 5110 4021
104 4694 3866
-855 4219 3906
-1815 4947 4409
-1440 4213 3794
-3097 3793 4673
-2489 4254 4051
-3725 3546 4202
-3631 4447 3842
-3938 3100 4129
-3371 2751 4199
-4876 2562 4311
-5250 1854 5022
-4551 652 4996
-6121 -34 4640
-4731 339 4502
-4719 -1104 4345
-4659 -922 4974
-4210 -1232 5338
-4894 -852 4852
-4027 -1670 4665
-4671 -3114 5180
-3532 -2942 5260
-3677 -3320 5279
-3505 -2432 4757
-2727 -3132 5020
-2014 -3112 5596
-2508 -4581 5306
-2243 -4956 5700
-2158 -4577 5572
-210 -4532 5022
-40 -4227 5282
872 -5216 6066
424 -5704 6159
1914 -4207 5881
2178 -5663 3593
3097 -3960 6059
2648 -4743 5062
2952 -3250 4701
3582 -2409 5702
4336 -2809 6381
4245 -2649 5644
4435 -2399 6562
4661 -2561 6336
5113 -1183 5975
4310 -1520 6815
5714 -169 6249
5328 -595 5808
5234 208 6494
5463 1141 5200
4148 1192 6711
4574 2367 6691
4043 2008 6786
4125 2735 5939
3871 4438 6194
2842 4448 7143
2161 3790 6812
3150 4186 5957
2209 5091 6228
2503 4276 7393
1469 4538 7004
1577 4590 6684
-221 5041 6956
-808 5542 7392
-577 5365 7012
-2029 5504 6666
-1332 5407 7738
-2995 5182 8705
-2838 4801 6519
-3538 3707 6754
-3051 3803 7665
-3634 3501 6450
-4581 2732 6687
-4831 3100 7568
-4235 2442 8124
-4223 1307 8085
-4140 865 7484
-4809 626 7241
-5358 262 8020
-4663 -49 7121
-5332 -1586 8113
-4339 -563 8352
-4487 -1487 7414
-4909 -2734 7447
-4344 -2839 8075
-4076 -4206 7862
-3278 -4029 8419
-2774 -4421 8566
-2737 -4303 8718
-2486 -3832 8454
-1829 -4597 7499
-1530 -4783 9236
-1045 -4337 8477
-516 -4718 9023
206 -4881 8819
1062 -5228 7614
1380 -4325 8246
648 -4858 8913
1617 -5201 9112
3581 -4140 8704
3319 -4181 8653
2775 -4564 9242
3285 -3104 9235
3835 -3355 9161
4986 -2447 9514
4205 -1744 9327
4948 -2086 10081
4347 -1150 9033
4705 -1035 9262
4654 74 9907
4335 -276 9556
4444 540 9942
4525 1877 9466
4701 1407 9777
5757 2535 9328
4294 3172 10287
4013 3591 10311
3174 3040 10088
3170 4121 9618
2393 4554 9952
2952 4730 9600
2547 5389 9370
