5000 0 0
4974 501 50
4899 998 100
4774 1484 150
4601 1956 201
4381 2408 251
4118 2835 301
3812 3234 351
3469 3600 402
3090 3930 452
2680 4220 502
2243 4468 552
1783 4671 603
1305 4826 653
815 4933 703
316 4989 753
-186 4996 804
-686 4952 854
-1180 4858 904
-1661 4715 954
-2126 4525 1005
-2569 4289 1055
-2987 4009 1105
-3374 3689 1155
-3727 3332 1206
-4042 2941 1256
-4317 2521 1306
-4548 2075 1356
-4734 1608 1407
-4871 1125 1457
-4960 630 1507
-4998 130 1557
-4986 -372 1608
-4923 -870 1658
-4811 -1360 1708
-4650 -1835 1758
-4443 -2293 1809
-4190 -2727 1859
-3895 -3134 1909
-3561 -3509 1959
-3191 -3848 2010
-2789 -4149 2060
-2358 -4408 2110
-1904 -4623 2160
-1431 -4790 2211
-943 -4910 2261
-445 -4980 2311
56 -4999 2361
557 -4968 2412
1053 -4887 2462
1538 -4757 2512
2007 -4579 2562
2457 -4354 2613
2881 -4086 2663
3277 -3776 2713
3639 -3428 2763
3965 -3045 2814
4250 -2632 2864
4493 -2192 2914
4690 -1731 2964
4840 -1251 3015
4941 -759 3065
4993 -260 3115
4994 242 3165
4944 742 3216
4845 1234 3266
4696 1714 3316
4501 2177 3366
4260 2617 3417
3975 3031 3467
3651 3415 3517
3290 3764 3567
2896 4075 3618
2472 4345 3668
2024 4571 3718
1555 4751 3768
1070 4884 3819
575 4966 3869
73 4999 3919
-428 4981 3969
-925 4913 4020
-1414 4795 4070
-1888 4629 4120
-2343 4417 4170
-2774 4159 4221
-3177 3860 4271
-3549 3521 4321
-3884 3148 4371
-4180 2742 4422
-4434 2309 4472
-4644 1852 4522
-4806 1377 4572
-4920 887 4623
-4984 389 4673
-4998 -112 4723
-4962 -613 4773
-4875 -1108 4824
-4739 -1591 4874
-4556 -2059 4924
-4326 -2505 4974
-4053 -2927 5025
-3739 -3319 5075
-3387 -3677 5125
-3001 -3999 5175
-2584 -4280 5226
-2142 -4517 5276
-1678 -4709 5326
-1197 -4854 5376
-704 -4950 5427
-203 -4995 5477
298 -4991 5527
797 -4935 5577
1288 -4831 5628
1767 -4677 5678
2227 -4476 5728
2665 -4230 5778
3076 -3941 5829
3456 -3613 5879
3801 -3248 5929
4108 -2850 5979
4373 -2423 6030
4594 -1972 6080
4769 -1501 6130
4895 -1015 6180
4972 -519 6231
4999 -17 6281
4976 483 6331
4902 980 6381
4779 1467 6432
4608 1939 6482
4390 2392 6532
4128 2820 6582
3824 3220 6633
3481 3588 6683
3104 3919 6733
2695 4211 6783
2259 4460 6834
1800 4664 6884
1323 4821 6934
832 4930 6984
333 4988 7035
-168 4997 7085
-668 4955 7135
-1162 4862 7185
-1644 4721 7236
-2110 4532 7286
-2554 4298 7336
-2972 4020 7386
-3361 3701 7437
-3715 3345 7487
-4032 2956 7537
-4308 2536 7587
-4541 2091 7638
-4728 1625 7688
-4867 1142 7738
-4957 648 7788
-4997 147 7839
-4987 -354 7889
-4926 -852 7939
-4816 -1342 7989
-4657 -1819 8040
-4451 -2277 8090
-4200 -2712 8140
-3906 -3120 8190
-3574 -3496 8241
-3205 -3837 8291
-2803 -4139 8341
-2374 -4400 8391
-1920 -4616 8442
-1448 -4785 8492
-960 -4906 8542
-463 -4978 8592
38 -4999 8643
539 -4970 8693
1035 -4891 8743
1521 -4762 8793
1991 -4586 8844
2441 -4363 8894
2867 -4096 8944
3263 -3787 8994
3627 -3441 9045
3954 -3060 9095
4241 -2647 9145
4485 -2208 9195
4684 -1747 9246
4836 -1268 9296
4939 -777 9346
4992 -277 9396
4994 224 9447
4947 724 9497
4849 1217 9547
4702 1697 9597
4508 2160 9648
4269 2602 9698
3986 3017 9748
3663 3402 9798
3303 3752 9849
2910 4065 9899
2488 4336 9949
2040 4564 10000
